-0.087874 0.058325 -0.036337
-0.087004 0.060093 -0.036482
-0.082831 0.06479 -0.038462
-0.06632 0.086407 -0.033857
-0.0593854 0.0836642 -0.0354999
-0.008435 0.106508 -0.033898
0.029372 0.070103 -0.047457
0.049177 0.111525 -0.033345
0.056329 0.119056 -0.030641
0.092243 0.129881 -0.011495
-0.102917 0.1427 -0.003219
-0.099386 0.139791 -0.006128
-0.098155 0.138986 -0.00679
-0.062832 0.140925 -0.024052
-0.027473 0.150025 -0.041784
-0.024777 0.1498 -0.04231
0.026777 0.141858 -0.035509
0.049177 0.131825 -0.033565
0.079452 0.1334 -0.019113
0.095386 0.136492 -0.011249
-0.099058 0.17074 -0.007736
-0.097568 0.168925 -0.009037
-0.089263 0.16525 -0.014849
-0.050879 0.176158 -0.035571
-0.034036 0.167087 -0.041431
-0.022254 0.162734 -0.044413
0.029507 0.1472 -0.035016
0.046918 0.142718 -0.032518
0.083127 0.137075 -0.017185
0.09535 0.137242 -0.011121
-0.099567 0.17252 -0.006994
-0.099089 0.172517 -0.007511
-0.090895 0.166942 -0.013677
-0.049873 0.177675 -0.036247
-0.044032 0.183512 -0.037774
-0.023931 0.17502 -0.043666
-0.002564 0.19339 -0.031809
0.043705 0.14806 -0.031193
0.08756 0.142908 -0.013484
0.09333 0.147925 -0.008337
-0.099715 0.173125 -0.006588
-0.098929 0.173313 -0.007348
-0.098236 0.173582 -0.007667
-0.046533 0.181333 -0.037425
-0.043088 0.184494 -0.037678
-0.023931 0.17502 -0.043666
-0.002603 0.19414 -0.0318
0.039375 0.151499 -0.030292
0.082077 0.147838 -0.011838
0.093277 0.148512 -0.007988
-0.0995999 0.173815 -0.00623752
-0.098348 0.17411 -0.007287
-0.098348 0.17411 -0.007287
-0.043737 0.184138 -0.037605
-0.042237 0.184999 -0.037508
-0.003148 0.194201 -0.031832
-0.002603 0.19414 -0.0318
-0.002603 0.19414 -0.0318
0.050927 0.155913 -0.020891
0.093785 0.148732 -0.007439
-0.099848 0.174953 -0.004915
-0.09826 0.174465 -0.007017
-0.09736 0.175077 -0.00679
-0.042873 0.18486 -0.037388
-0.042237 0.184999 -0.037508
-0.003113 0.194571 -0.031442
-0.002603 0.19414 -0.0318
-0.002603 0.19414 -0.0318
-0.002603 0.19414 -0.0318
0.093785 0.148732 -0.007439
-0.099573 0.175659 -0.004488
-0.099263 0.175434 -0.005056
-0.043737 0.184138 -0.037605
-0.042873 0.18486 -0.037388
-0.033952 0.196809 -0.022805
-0.003113 0.194571 -0.031442
-0.003113 0.194571 -0.031442
-0.002603 0.19414 -0.0318
-0.002603 0.19414 -0.0318
0.093785 0.148732 -0.007439
-0.099573 0.175659 -0.004488
-0.098523 0.177325 -0.002714
-0.042873 0.18486 -0.037388
-0.034982 0.196972 -0.022226
-0.033952 0.196809 -0.022805
-0.003113 0.194571 -0.031442
-0.003113 0.194571 -0.031442
-0.002603 0.19414 -0.0318
-0.002428 0.194288 -0.03124
0.093902 0.149066 -0.006789
-0.098523 0.177325 -0.002714
-0.098358 0.177718 -0.002106
-0.036135 0.196355 -0.022269
-0.034982 0.196972 -0.022226
-0.033948 0.197139 -0.022163
-0.003323 0.194724 -0.031087
-0.003113 0.194571 -0.031442
-0.003113 0.194571 -0.031442
-0.002428 0.194288 -0.03124
-0.002428 0.194288 -0.03124
-0.102374 0.141974 -0.003788
-0.087004 0.060093 -0.036482
-0.08348 0.065338 -0.0374
-0.068248 0.0872 -0.032724
-0.060067 0.0865 -0.034501
-0.008435 0.106508 -0.033898
0.034827 0.098925 -0.034742
0.0508021 0.111536 -0.0327567
0.0759772 0.126616 -0.0195607
0.092802 0.129968 -0.011133
-0.103316 0.14285 -0.002738
-0.102374 0.141974 -0.003788
-0.098842 0.139787 -0.006535
-0.063704 0.141013 -0.023697
-0.03739 0.146408 -0.037213
-0.024777 0.1498 -0.04231
0.0268751 0.141174 -0.0354051
0.053027 0.130775 -0.032448
0.080989 0.134363 -0.018424
0.095386 0.136492 -0.011249
-0.099573 0.171725 -0.00713
-0.098205 0.1698 -0.008543
-0.089773 0.165425 -0.014567
-0.065693 0.160792 -0.025531
-0.036223 0.166125 -0.040658
-0.0221268 0.16271 -0.0443787
0.0293657 0.147236 -0.0350032
0.0468559 0.143333 -0.0323023
0.086448 0.138125 -0.015674
0.09535 0.137242 -0.011121
-0.099833 0.172375 -0.006645
-0.099089 0.172517 -0.007511
-0.098475 0.172438 -0.008012
-0.049873 0.177675 -0.036247
-0.044032 0.183512 -0.037774
-0.023931 0.17502 -0.043666
-0.002564 0.19339 -0.031809
0.0439778 0.14821 -0.0309271
0.086977 0.145818 -0.011832
0.093813 0.148129 -0.007871
-0.099715 0.173125 -0.006588
-0.098929 0.173313 -0.007348
-0.098348 0.17411 -0.007287
-0.046533 0.181333 -0.037425
-0.042237 0.184999 -0.037508
-0.003959 0.194107 -0.031798
-0.002603 0.19414 -0.0318
0.044821 0.158997 -0.021324
0.093277 0.148512 -0.007988
0.093785 0.148732 -0.007439
-0.099848 0.174953 -0.004915
-0.098935 0.174286 -0.006633
-0.098056 0.174919 -0.006677
-0.043737 0.184138 -0.037605
-0.042237 0.184999 -0.037508
-0.003113 0.194571 -0.031442
-0.002603 0.19414 -0.0318
-0.002603 0.19414 -0.0318
0.081286 0.151121 -0.008953
0.093785 0.148732 -0.007439
-0.099573 0.175659 -0.004488
-0.099573 0.175659 -0.004488
-0.098056 0.174919 -0.006677
-0.042873 0.18486 -0.037388
-0.034882 0.196651 -0.022747
-0.003113 0.194571 -0.031442
-0.003113 0.194571 -0.031442
-0.002603 0.19414 -0.0318
0.045825 0.159111 -0.020476
0.093902 0.149066 -0.006789
-0.099573 0.175659 -0.004488
-0.099172 0.176119 -0.004137
-0.098523 0.177325 -0.002714
-0.035631 0.196659 -0.022234
-0.034982 0.196972 -0.022226
-0.003323 0.194724 -0.031087
-0.003113 0.194571 -0.031442
-0.002428 0.194288 -0.03124
-0.002428 0.194288 -0.03124
0.093902 0.149066 -0.006789
-0.0991 0.176777 -0.003011
-0.098358 0.177718 -0.002106
-0.087673 0.181081 -0.001688
-0.034982 0.196972 -0.022226
-0.033948 0.197139 -0.022163
-0.003323 0.194724 -0.031087
-0.003113 0.194571 -0.031442
-0.003113 0.194571 -0.031442
-0.002428 0.194288 -0.03124
0.093902 0.149066 -0.006789
-0.098358 0.177718 -0.002106
-0.098358 0.177718 -0.002106
-0.036135 0.196355 -0.022269
-0.034982 0.196972 -0.022226
-0.033948 0.197139 -0.022163
-0.003323 0.194724 -0.031087
-0.003323 0.194724 -0.031087
-0.003113 0.194571 -0.031442
-0.002428 0.194288 -0.03124
-0.002428 0.194288 -0.03124
-0.103316 0.14285 -0.002738
-0.102374 0.141974 -0.003788
-0.083133 0.066035 -0.037058
-0.0705233 0.0898693 -0.0302168
-0.060217 0.087304 -0.034063
-0.00843161 0.106438 -0.0338962
0.0341032 0.0991437 -0.034592
0.051437 0.111875 -0.032517
0.076127 0.125826 -0.019188
0.093243 0.129843 -0.010681
-0.103316 0.14285 -0.002738
-0.102374 0.141974 -0.003788
-0.098842 0.139787 -0.006535
-0.069823 0.141275 -0.020097
-0.03739 0.146408 -0.037213
-0.024323 0.149365 -0.041881
0.030277 0.138912 -0.035067
0.053867 0.131755 -0.031937
0.087442 0.136025 -0.015337
0.095386 0.136492 -0.011249
-0.104603 0.144457 -0.000443
-0.099058 0.17074 -0.007736
-0.097054 0.16805 -0.009338
-0.0722001 0.16 -0.0221656
-0.040282 0.165192 -0.038837
-0.021256 0.162548 -0.044144
0.028877 0.148625 -0.034467
0.049473 0.145286 -0.029687
0.08756 0.142908 -0.013484
0.09535 0.137242 -0.011121
-0.099833 0.172375 -0.006645
-0.099567 0.17252 -0.006994
-0.098475 0.172438 -0.008012
-0.070967 0.173211 -0.021927
-0.044032 0.183512 -0.037774
-0.023273 0.174875 -0.04352
-0.002564 0.19339 -0.031809
0.050927 0.155913 -0.020891
0.093277 0.148512 -0.007988
0.093785 0.148732 -0.007439
-0.099835 0.174241 -0.005604
-0.099835 0.174241 -0.005604
-0.098348 0.17411 -0.007287
-0.047073 0.18108 -0.037037
-0.042237 0.184999 -0.037508
-0.003959 0.194107 -0.031798
-0.002603 0.19414 -0.0318
0.044821 0.158997 -0.021324
0.093277 0.148512 -0.007988
0.093785 0.148732 -0.007439
-0.099848 0.174953 -0.004915
-0.099573 0.175659 -0.004488
-0.098056 0.174919 -0.006677
-0.043737 0.184138 -0.037605
-0.034882 0.196651 -0.022747
-0.003113 0.194571 -0.031442
-0.002603 0.19414 -0.0318
-0.002428 0.194288 -0.03124
0.08094 0.15143 -0.0086
0.093902 0.149066 -0.006789
-0.099573 0.175659 -0.004488
-0.099573 0.175659 -0.004488
-0.098523 0.177325 -0.002714
-0.0361879 0.19632 -0.0222663
-0.034982 0.196972 -0.022226
-0.003323 0.194724 -0.031087
-0.003113 0.194571 -0.031442
-0.002428 0.194288 -0.03124
0.08094 0.15143 -0.0086
0.093902 0.149066 -0.006789
-0.099656 0.175925 -0.003788
-0.098358 0.177718 -0.002106
-0.098358 0.177718 -0.002106
-0.035631 0.196659 -0.022234
-0.034982 0.196972 -0.022226
-0.003323 0.194724 -0.031087
-0.003113 0.194571 -0.031442
-0.002428 0.194288 -0.03124
-0.002428 0.194288 -0.03124
0.093902 0.149066 -0.006789
-0.098802 0.177604 -0.001688
-0.098358 0.177718 -0.002106
-0.088237 0.181204 -0.001049
-0.034982 0.196972 -0.022226
-0.033948 0.197139 -0.022163
-0.003323 0.194724 -0.031087
-0.003323 0.194724 -0.031087
-0.002428 0.194288 -0.03124
-0.002428 0.194288 -0.03124
0.093902 0.149066 -0.006789
-0.098802 0.177604 -0.001688
-0.097473 0.17846 -0.000987
-0.035631 0.196659 -0.022234
-0.034982 0.196972 -0.022226
-0.033948 0.197139 -0.022163
-0.003323 0.194724 -0.031087
-0.003323 0.194724 -0.031087
-0.003113 0.194571 -0.031442
-0.002428 0.194288 -0.03124
0.093902 0.149066 -0.006789
-0.104579 0.14355 -0.000462
-0.102374 0.141974 -0.003788
-0.083601 0.0956 -0.014638
-0.072606 0.091549 -0.027237
-0.060478 0.0902562 -0.0312226
-0.009273 0.105575 -0.033742
0.0332565 0.102947 -0.0335825
0.055696 0.11121 -0.0294359
0.090985 0.129263 -0.011978
0.093568 0.129932 -0.010221
-0.104579 0.14355 -0.000462
-0.103316 0.14285 -0.002738
-0.099386 0.139791 -0.006128
-0.074534 0.141065 -0.017435
-0.0445484 0.143013 -0.0317881
-0.00397037 0.131198 -0.0322046
0.0301633 0.137311 -0.0347411
0.0570037 0.131687 -0.0296613
0.09428 0.136492 -0.011833
0.09614 0.136322 -0.010247
-0.104955 0.144375 0.000313
-0.099757 0.17155 -0.006762
-0.098117 0.168917 -0.008545
-0.08154 0.161575 -0.018137
-0.047598 0.167 -0.035025
-0.020791 0.16257 -0.043745
0.0302702 0.15235 -0.0318135
0.050569 0.146512 -0.027927
0.09333 0.147925 -0.008337
0.094249 0.1481 -0.007287
-0.099924 0.173474 -0.006033
-0.099924 0.173474 -0.006033
-0.098929 0.173313 -0.007348
-0.072748 0.174211 -0.020223
-0.044649 0.183303 -0.037526
-0.008364 0.190508 -0.031774
-0.002278 0.193432 -0.031343
0.051148 0.15617 -0.020397
0.093277 0.148512 -0.007988
0.094334 0.148657 -0.006739
-0.099848 0.174953 -0.004915
-0.099848 0.174953 -0.004915
-0.099026 0.175067 -0.005704
-0.072839 0.174914 -0.019255
-0.036135 0.196355 -0.022269
-0.003987 0.19443 -0.031389
-0.002428 0.194288 -0.03124
0.045825 0.159111 -0.020476
0.093902 0.149066 -0.006789
0.093902 0.149066 -0.006789
-0.099928 0.175293 -0.004167
-0.099573 0.175659 -0.004488
-0.098523 0.177325 -0.002714
-0.038699 0.194565 -0.021521
-0.034982 0.196972 -0.022226
-0.003323 0.194724 -0.031087
-0.002428 0.194288 -0.03124
-0.002428 0.194288 -0.03124
0.093902 0.149066 -0.006789
0.093902 0.149066 -0.006789
-0.099656 0.175925 -0.003788
-0.098802 0.177604 -0.001688
-0.098358 0.177718 -0.002106
-0.037273 0.195679 -0.021987
-0.034982 0.196972 -0.022226
-0.003323 0.194724 -0.031087
-0.003323 0.194724 -0.031087
-0.002428 0.194288 -0.03124
0.08094 0.15143 -0.0086
0.093902 0.149066 -0.006789
-0.098802 0.177604 -0.001688
-0.098802 0.177604 -0.001688
-0.097473 0.17846 -0.000987
-0.035631 0.196659 -0.022234
-0.034982 0.196972 -0.022226
-0.003323 0.194724 -0.031087
-0.003323 0.194724 -0.031087
-0.002428 0.194288 -0.03124
-0.002428 0.194288 -0.03124
0.093902 0.149066 -0.006789
-0.098802 0.177604 -0.001688
-0.098358 0.177718 -0.002106
-0.088335 0.181366 -0.000435
-0.034982 0.196972 -0.022226
-0.033948 0.197139 -0.022163
-0.003323 0.194724 -0.031087
-0.003323 0.194724 -0.031087
-0.002428 0.194288 -0.03124
-0.002428 0.194288 -0.03124
0.093902 0.149066 -0.006789
-0.098802 0.177604 -0.001688
-0.097473 0.17846 -0.000987
-0.087493 0.181556 -0.000607
-0.034982 0.196972 -0.022226
-0.033948 0.197139 -0.022163
-0.033948 0.197139 -0.022163
-0.003323 0.194724 -0.031087
-0.003323 0.194724 -0.031087
-0.002428 0.194288 -0.03124
0.093902 0.149066 -0.006789
-0.104826 0.143533 0.000463
-0.104285 0.142967 -0.000621569
-0.085231 0.098225 -0.00963
-0.080655 0.100627 -0.016387
-0.0537599 0.10636 -0.022364
-0.0143068 0.105916 -0.0325279
0.0281567 0.106043 -0.0281699
0.059005 0.110035 -0.0235224
0.0927616 0.129255 -0.0106244
0.093568 0.129932 -0.010221
-0.104955 0.144375 0.000313
-0.104579 0.14355 -0.000462
-0.102374 0.141974 -0.003788
-0.0864174 0.140544 -0.010118
-0.0511941 0.133599 -0.0250559
-0.00961232 0.132956 -0.0252566
0.0288693 0.130327 -0.0308833
0.0710087 0.13332 -0.0199168
0.095386 0.136492 -0.011249
0.096399 0.136291 -0.009604
-0.108048 0.158119 0.011355
-0.108048 0.158119 0.011355
-0.098958 0.169821 -0.007626
-0.088023 0.164375 -0.015481
-0.054285 0.164365 -0.0299914
-0.020204 0.160722 -0.024144
0.0292532 0.161193 -0.0229896
0.056554 0.151652 -0.019367
0.0938054 0.148292 -0.00775444
0.094334 0.148657 -0.006739
-0.100208 0.173545 -0.005048
-0.100005 0.174404 -0.005067
-0.099835 0.174241 -0.005604
-0.096414 0.175101 -0.006675
-0.042611 0.188525 -0.020938
-0.0114065 0.191131 -0.0276066
0.03036 0.162416 -0.021332
0.051219 0.15641 -0.019537
0.093902 0.149066 -0.006789
0.094334 0.148657 -0.006739
-0.099928 0.175293 -0.004167
-0.099928 0.175293 -0.004167
-0.099573 0.175659 -0.004488
-0.087411 0.180732 -0.002355
-0.036135 0.196355 -0.022269
-0.003323 0.194724 -0.031087
-0.002428 0.194288 -0.03124
0.045327 0.159397 -0.020237
0.093902 0.149066 -0.006789
0.093902 0.149066 -0.006789
-0.099656 0.175925 -0.003788
-0.099132 0.177088 -0.002198
-0.098358 0.177718 -0.002106
-0.086526 0.181466 -0.00118
-0.034982 0.196972 -0.022226
-0.003323 0.194724 -0.031087
-0.002428 0.194288 -0.03124
-0.002428 0.194288 -0.03124
0.093902 0.149066 -0.006789
0.093902 0.149066 -0.006789
-0.098802 0.177604 -0.001688
-0.098802 0.177604 -0.001688
-0.097473 0.17846 -0.000987
-0.037205 0.195849 -0.021404
-0.034982 0.196972 -0.022226
-0.003323 0.194724 -0.031087
-0.003323 0.194724 -0.031087
-0.002428 0.194288 -0.03124
0.08094 0.15143 -0.0086
0.093902 0.149066 -0.006789
-0.098802 0.177604 -0.001688
-0.098802 0.177604 -0.001688
-0.096482 0.179077 0.000454
-0.0359911 0.196541 -0.0212034
-0.034982 0.196972 -0.022226
-0.033948 0.197139 -0.022163
-0.003323 0.194724 -0.031087
-0.002428 0.194288 -0.03124
0.08094 0.15143 -0.0086
0.093902 0.149066 -0.006789
-0.098802 0.177604 -0.001688
-0.097473 0.17846 -0.000987
-0.088335 0.181366 -0.000435
-0.034982 0.196972 -0.022226
-0.033948 0.197139 -0.022163
-0.033948 0.197139 -0.022163
-0.003323 0.194724 -0.031087
-0.002428 0.194288 -0.03124
-0.002428 0.194288 -0.03124
0.093902 0.149066 -0.006789
-0.098802 0.177604 -0.001688
-0.097248 0.178651 -0.000417
-0.087274 0.181794 0.00045
-0.034982 0.196972 -0.022226
-0.033948 0.197139 -0.022163
-0.033948 0.197139 -0.022163
-0.003323 0.194724 -0.031087
-0.003323 0.194724 -0.031087
-0.002428 0.194288 -0.03124
0.093902 0.149066 -0.006789
-0.104826 0.143533 0.000463
-0.104447 0.142834 0.000369
-0.099864 0.139243 -0.005013
-0.0845544 0.100618 -0.00821727
-0.044916 0.1047 -0.006154
-0.0201289 0.109781 -0.00468593
0.0281059 0.105967 -0.0083047
0.0694081 0.104586 -0.010164
0.082439 0.102698 -0.003042
0.093406 0.129375 -0.009562
-0.105057 0.1446 0.000763
-0.105057 0.1446 0.000763
-0.104579 0.14355 -0.000462
-0.0955031 0.138285 -0.00706138
-0.0551791 0.136904 -0.00813667
-0.00999324 0.133233 -0.00969115
0.0291465 0.131551 -0.00604365
0.0708016 0.134263 -0.0106196
0.0964023 0.136301 -0.00914668
0.0964045 0.136308 -0.00885019
-0.108048 0.158119 0.011355
-0.108048 0.158119 0.011355
-0.10737 0.158048 0.0103963
-0.0933086 0.163958 -0.00951833
-0.0550909 0.161033 -0.00831651
-0.0112153 0.163895 -0.00825729
0.0285306 0.15582 -0.0121079
0.0719569 0.148626 -0.0101116
0.094334 0.148657 -0.006739
0.094334 0.148657 -0.006739
-0.107913 0.158702 0.011437
-0.100135 0.174398 -0.00422203
-0.099928 0.175293 -0.004167
-0.0883485 0.180607 -0.00195622
-0.0530101 0.180756 -0.0104016
-0.016133 0.187665 -0.023403
0.0298845 0.162339 -0.020291
0.051219 0.15641 -0.019537
0.093887 0.149147 -0.005844
0.094343 0.14874 -0.005937
-0.0997805 0.175757 -0.00350367
-0.099727 0.175925 -0.003263
-0.098802 0.177604 -0.001688
-0.0872622 0.181612 -0.000522101
-0.038305 0.194812 -0.019887
-0.006473 0.193075 -0.028858
-0.002523 0.194216 -0.030545
0.045327 0.15942 -0.019887
0.093887 0.149147 -0.005844
0.093887 0.149147 -0.005844
-0.099132 0.177088 -0.002198
-0.098802 0.177604 -0.001688
-0.097248 0.178651 -0.000417
-0.08639 0.181909 0.000445
-0.0349951 0.196914 -0.0212239
-0.033961 0.197001 -0.021183
-0.002523 0.194216 -0.030545
-0.002523 0.194216 -0.030545
0.093887 0.149147 -0.005844
0.093887 0.149147 -0.005844
-0.098802 0.177604 -0.001688
-0.098802 0.177604 -0.001688
-0.096482 0.179077 0.000454
-0.08639 0.181909 0.000445
-0.034878 0.196954 -0.021227
-0.033961 0.197001 -0.021183
-0.003323 0.194724 -0.031087
-0.002523 0.194216 -0.030545
0.093887 0.149147 -0.005844
0.093887 0.149147 -0.005844
-0.098802 0.177604 -0.001688
-0.097481 0.178509 -0.000440192
-0.095568 0.179429 0.001288
-0.036223 0.196424 -0.021112
-0.034878 0.196954 -0.021227
-0.033948 0.197139 -0.022163
-0.003323 0.194724 -0.031087
-0.0024786 0.19425 -0.0308698
0.08094 0.15143 -0.0086
0.093887 0.149147 -0.005844
-0.098802 0.177604 -0.001688
-0.097248 0.178651 -0.000417
-0.088412 0.181463 0.000483
-0.035798 0.196641 -0.021203
-0.034878 0.196954 -0.021227
-0.033948 0.197139 -0.022163
-0.003323 0.194724 -0.031087
-0.003323 0.194724 -0.031087
-0.002428 0.194288 -0.03124
0.093887 0.149147 -0.005844
-0.0977 0.178375 -0.000462
-0.096482 0.179077 0.000454
-0.087274 0.181794 0.00045
-0.035798 0.196641 -0.021203
-0.033948 0.197139 -0.022163
-0.033948 0.197139 -0.022163
-0.003323 0.194724 -0.031087
-0.003323 0.194724 -0.031087
-0.002428 0.194288 -0.03124
0.093887 0.149147 -0.005844
-0.104823 0.143544 0.001288
-0.104823 0.143544 0.001288
-0.104018 0.14236 0.000463
-0.082753 0.0999336 0.0040168
-0.0529597 0.105411 0.008534
-0.0108633 0.104777 0.00268481
0.034288 0.107514 0.009585
0.0705351 0.104692 0.00820024
0.083827 0.098925 0.004672
0.093635 0.129963 -0.009482
-0.108188 0.158028 0.012267
-0.108188 0.158028 0.012267
-0.104917 0.144356 0.002266
-0.0918181 0.143124 0.00709677
-0.0534182 0.142452 0.00798273
-0.00594759 0.1298 -0.00290923
0.0296483 0.137302 -0.00311834
0.073852 0.1383 -0.008042
0.096078 0.136375 -0.008024
0.096406 0.136313 -0.008639
-0.108188 0.158028 0.012267
-0.108188 0.158028 0.012267
-0.108188 0.158028 0.012267
-0.0962142 0.156868 0.00933442
-0.0535741 0.164514 0.00751909
-0.016973 0.159825 -0.005372
0.0284177 0.151744 -0.00595697
0.080076 0.151099 -0.007294
0.093851 0.148902 -0.004964
0.094291 0.148625 -0.005277
-0.107977 0.158743 0.01218
-0.107977 0.158743 0.01218
-0.099022 0.176984 -0.001381
-0.091756 0.180054 0.00849711
-0.053053 0.178241 0.000317
-0.029306 0.185172 -0.004156
0.029927 0.162148 -0.019887
0.080229 0.151403 -0.007768
0.093851 0.148902 -0.004964
0.094291 0.148625 -0.005277
-0.107977 0.158743 0.01218
-0.098802 0.177604 -0.001688
-0.0977 0.178375 -0.000462
-0.086478 0.181862 0.002177
-0.03844 0.194001 -0.018867
-0.029421 0.185746 -0.004336
-0.002523 0.194216 -0.030545
0.080229 0.151403 -0.007768
0.093887 0.149147 -0.005844
0.093887 0.149147 -0.005844
-0.098802 0.177604 -0.001688
-0.098802 0.177604 -0.001688
-0.095501 0.179455 0.002046
-0.086478 0.181862 0.002177
-0.035518 0.196574 -0.020591
-0.033961 0.197001 -0.021183
-0.002523 0.194216 -0.030545
0.044802 0.159466 -0.019537
0.093887 0.149147 -0.005844
0.093887 0.149147 -0.005844
-0.098802 0.177604 -0.001688
-0.0977 0.178375 -0.000462
-0.095501 0.179455 0.002046
-0.086448 0.181951 0.001288
-0.034878 0.196954 -0.021227
-0.033961 0.197001 -0.021183
-0.00296426 0.194313 -0.0303946
-0.002523 0.194216 -0.030545
0.093887 0.149147 -0.005844
0.093887 0.149147 -0.005844
-0.098802 0.177604 -0.001688
-0.096482 0.179077 0.000454
-0.095501 0.179455 0.002046
-0.086448 0.181951 0.001288
-0.034878 0.196954 -0.021227
-0.033961 0.197001 -0.021183
-0.003323 0.194724 -0.031087
-0.002523 0.194216 -0.030545
0.080881 0.151418 -0.007839
0.093887 0.149147 -0.005844
-0.0977 0.178375 -0.000462
-0.096482 0.179077 0.000454
-0.087206 0.181844 0.001229
-0.035798 0.196641 -0.021203
-0.034878 0.196954 -0.021227
-0.033961 0.197001 -0.021183
-0.003323 0.194724 -0.031087
-0.002523 0.194216 -0.030545
-0.002523 0.194216 -0.030545
0.093887 0.149147 -0.005844
-0.0977 0.178375 -0.000462
-0.095501 0.179455 0.002046
-0.087206 0.181844 0.001229
-0.035798 0.196641 -0.021203
-0.034878 0.196954 -0.021227
-0.033961 0.197001 -0.021183
-0.003323 0.194724 -0.031087
-0.003323 0.194724 -0.031087
-0.002523 0.194216 -0.030545
0.093887 0.149147 -0.005844
-0.104917 0.144356 0.002266
-0.10462 0.143542 0.002083
-0.104434 0.143758 0.002863
-0.079624 0.09919 0.008847
-0.054144 0.094375 0.017213
-0.013377 0.093329 0.007395
0.034773 0.103289 0.0204994
0.0718852 0.0971852 0.0151508
0.082426 0.095423 0.010911
0.08383 0.093735 0.008612
-0.108188 0.158028 0.012267
-0.108188 0.158028 0.012267
-0.107942 0.157407 0.012137
-0.090171 0.141551 0.022332
-0.0554504 0.143513 0.00969966
-0.00461879 0.126452 -0.00145708
0.035972 0.123425 0.007365
0.072889 0.112725 0.002312
0.0959227 0.136375 -0.00795787
0.096078 0.136375 -0.008024
-0.108188 0.158028 0.012267
-0.108188 0.158028 0.012267
-0.107973 0.15825 0.012734
-0.087058 0.171808 0.01651
-0.060412 0.164725 0.010895
-0.021523 0.158775 -0.003541
0.028877 0.149503 -0.004488
0.080159 0.15062 -0.006956
0.093636 0.148634 -0.004483
0.094291 0.148625 -0.005277
-0.108101 0.158321 0.0122313
-0.107977 0.158743 0.01218
-0.107977 0.158743 0.01218
-0.0910192 0.177927 0.0143685
-0.0587336 0.175234 0.00569618
-0.032373 0.18345 -0.000887
0.025565 0.153594 -0.007759
0.080076 0.151099 -0.007294
0.0936686 0.148675 -0.00455591
0.094291 0.148625 -0.005277
-0.107977 0.158743 0.01218
-0.098701 0.177325 -0.000987
-0.0926995 0.179522 0.00978376
-0.090984 0.179473 0.011472
-0.036048 0.181888 0.000773
-0.030282 0.185311 -0.003155
-0.003249 0.193448 -0.029709
0.080229 0.151403 -0.007768
0.093851 0.148902 -0.004964
0.093851 0.148902 -0.004964
-0.098802 0.177604 -0.001688
-0.0977 0.178375 -0.000462
-0.0927818 0.179566 0.00947785
-0.090998 0.179777 0.010387
-0.036399 0.195812 -0.019887
-0.029421 0.185746 -0.004336
-0.00284296 0.194287 -0.030436
0.044977 0.159297 -0.019188
0.0931411 0.149014 -0.00492198
0.093851 0.148902 -0.004964
-0.098802 0.177604 -0.001688
-0.0967638 0.17882 0.000836794
-0.093031 0.179845 0.007818
-0.086461 0.18159 0.003329
-0.035518 0.196574 -0.020591
-0.033961 0.197001 -0.021183
-0.003148 0.194354 -0.030332
-0.002523 0.194216 -0.030545
0.092888 0.149054 -0.004907
0.093887 0.149147 -0.005844
-0.0977 0.178375 -0.000462
-0.095355 0.179407 0.002815
-0.093031 0.179845 0.007818
-0.086478 0.181862 0.002177
-0.034878 0.196954 -0.021227
-0.033961 0.197001 -0.021183
-0.003148 0.194354 -0.030332
-0.002523 0.194216 -0.030545
0.093887 0.149147 -0.005844
0.093887 0.149147 -0.005844
-0.097136 0.178676 0.000276
-0.0954361 0.179434 0.00238775
-0.093031 0.179845 0.007818
-0.086478 0.181862 0.002177
-0.034878 0.196954 -0.021227
-0.033961 0.197001 -0.021183
-0.003323 0.194724 -0.031087
-0.002523 0.194216 -0.030545
0.080881 0.151418 -0.007839
0.093887 0.149147 -0.005844
-0.096482 0.179077 0.000454
-0.093156 0.179886 0.006946
-0.093031 0.179845 0.007818
-0.035518 0.196574 -0.020591
-0.034878 0.196954 -0.021227
-0.033961 0.197001 -0.021183
-0.003323 0.194724 -0.031087
-0.002523 0.194216 -0.030545
-0.002523 0.194216 -0.030545
0.093887 0.149147 -0.005844
-0.107942 0.157407 0.012137
-0.104394 0.144635 0.003958
-0.095934 0.144075 0.020713
-0.0759867 0.0956029 0.0122087
-0.0538927 0.0919228 0.0191242
-0.015223 0.089825 0.00915
0.040053 0.098108 0.029722
0.070177 0.0880915 0.0208764
0.080152 0.0928 0.015096
0.083127 0.090875 0.01166
-0.108188 0.158028 0.012267
-0.108188 0.158028 0.012267
-0.097094 0.145265 0.020162
-0.090162 0.142617 0.023179
-0.064726 0.142643 0.011987
-0.004023 0.125525 -0.001088
0.039447 0.105198 0.023758
0.045429 0.1026 0.023021
0.093653 0.148068 -0.00447
0.096078 0.136375 -0.008024
-0.108188 0.158028 0.012267
-0.107973 0.15825 0.012734
-0.107973 0.15825 0.012734
-0.090897 0.145475 0.022478
-0.064564 0.165319 0.012654
-0.028139 0.158958 -0.0014933
0.028527 0.148158 -0.003979
0.080152 0.14985 -0.006754
0.093636 0.148634 -0.004483
0.093636 0.148634 -0.004483
-0.108188 0.158028 0.012267
-0.107973 0.15825 0.012734
-0.107203 0.158736 0.012919
-0.089283 0.176123 0.016082
-0.069867 0.167525 0.014379
-0.033906 0.18249 0.000199
0.028396 0.151757 -0.005966
0.080076 0.151099 -0.007294
0.093636 0.148634 -0.004483
0.0936668 0.148672 -0.00455182
-0.107977 0.158743 0.01218
-0.107977 0.158743 0.01218
-0.09164 0.178572 0.013152
-0.0910816 0.178232 0.0140115
-0.060198 0.175821 0.005571
-0.0314641 0.184908 -0.00216617
-0.010642 0.174341 -0.009006
0.080076 0.151099 -0.007294
0.093636 0.148634 -0.004483
0.093851 0.148902 -0.004964
-0.107977 0.158743 0.01218
-0.092513 0.179425 0.010456
-0.0921717 0.179449 0.0108226
-0.090998 0.179068 0.012487
-0.033921 0.183418 -0.000441
-0.031324 0.185025 -0.002312
-0.003148 0.194354 -0.030332
0.080229 0.151403 -0.007768
0.092888 0.149054 -0.004907
0.093851 0.148902 -0.004964
-0.0977 0.178375 -0.000462
-0.092776 0.179562 0.009508
-0.091973 0.179741 0.010301
-0.090984 0.179473 0.011472
-0.035518 0.196574 -0.020591
-0.030282 0.185311 -0.003155
-0.003148 0.194354 -0.030332
-0.002523 0.194216 -0.030545
0.092888 0.149054 -0.004907
0.093851 0.148902 -0.004964
-0.097136 0.178676 0.000276
-0.092776 0.179562 0.009508
-0.091973 0.179741 0.010301
-0.090998 0.179777 0.010387
-0.035518 0.196574 -0.020591
-0.033961 0.197001 -0.021183
-0.003148 0.194354 -0.030332
-0.002523 0.194216 -0.030545
0.092888 0.149054 -0.004907
0.093851 0.148902 -0.004964
-0.095355 0.179407 0.002815
-0.093031 0.179845 0.007818
-0.091973 0.179741 0.010301
-0.090998 0.179777 0.010387
-0.034823 0.196633 -0.020523
-0.033961 0.197001 -0.021183
-0.003148 0.194354 -0.030332
-0.002523 0.194216 -0.030545
0.092888 0.149054 -0.004907
0.093887 0.149147 -0.005844
-0.095355 0.179407 0.002815
-0.093031 0.179845 0.007818
-0.091963 0.179901 0.009582
-0.0864771 0.181847 0.0022389
-0.034878 0.196954 -0.021227
-0.033961 0.197001 -0.021183
-0.00320633 0.194477 -0.0305837
-0.002523 0.194216 -0.030545
-0.002523 0.194216 -0.030545
0.093887 0.149147 -0.005844
-0.108188 0.158028 0.012267
-0.096961 0.144775 0.020012
-0.095934 0.144075 0.020713
-0.062789 0.0734 0.040082
-0.061096 0.073745 0.040229
-0.043988 0.077368 0.029252
0.040077 0.096825 0.030209
0.045327 0.094764 0.028426
0.078658 0.086675 0.018963
0.081758 0.08825 0.015096
-0.108188 0.158028 0.012267
-0.107973 0.15825 0.012734
-0.096302 0.145341 0.021107
-0.090162 0.142617 0.023179
-0.082369 0.140225 0.020012
-0.006721 0.119125 6.9e-05
0.040134 0.10276 0.026805
0.0415129 0.10213 0.0270256
0.079167 0.099129 0.012268
0.093653 0.148068 -0.00447
-0.107973 0.15825 0.012734
-0.107973 0.15825 0.012734
-0.107384 0.158079 0.013078
-0.091033 0.144495 0.023032
-0.069473 0.166825 0.014516
-0.029923 0.15895 -0.00092
0.037677 0.122543 0.008372
0.080152 0.14985 -0.006754
0.093636 0.148634 -0.004483
0.093636 0.148634 -0.004483
-0.107973 0.15825 0.012734
-0.107973 0.15825 0.012734
-0.107203 0.158736 0.012919
-0.088418 0.175227 0.016555
-0.07328 0.168602 0.015481
-0.035173 0.18135 0.000986
0.028563 0.150728 -0.005197
0.080159 0.15062 -0.006956
0.093636 0.148634 -0.004483
0.093636 0.148634 -0.004483
-0.107977 0.158743 0.01218
-0.107977 0.158743 0.01218
-0.091661 0.177932 0.013893
-0.09094 0.177652 0.014684
-0.077716 0.171335 0.015488
-0.033015 0.183456 -0.000547
-0.011278 0.174395 -0.008686
0.080076 0.151099 -0.007294
0.093636 0.148634 -0.004483
0.093636 0.148634 -0.004483
-0.107977 0.158743 0.01218
-0.09164 0.178572 0.013152
-0.09164 0.178572 0.013152
-0.090998 0.178458 0.013713
-0.036048 0.181888 0.000773
-0.031324 0.185025 -0.002312
-0.030282 0.185311 -0.003155
0.080076 0.151099 -0.007294
0.0932059 0.148875 -0.00472677
0.093851 0.148902 -0.004964
-0.092513 0.179425 0.010456
-0.092513 0.179425 0.010456
-0.09164 0.178572 0.013152
-0.09094 0.178765 0.013129
-0.033044 0.184168 -0.001257
-0.031324 0.185025 -0.002312
-0.029421 0.185746 -0.004336
-0.002523 0.194216 -0.030545
0.092888 0.149054 -0.004907
0.093851 0.148902 -0.004964
-0.092513 0.179425 0.010456
-0.092513 0.179425 0.010456
-0.091812 0.179474 0.011209
-0.090998 0.179068 0.012487
-0.0350077 0.196617 -0.0205411
-0.031324 0.185025 -0.002312
-0.003148 0.194354 -0.030332
-0.002523 0.194216 -0.030545
0.092888 0.149054 -0.004907
0.093851 0.148902 -0.004964
-0.092776 0.179562 0.009508
-0.092513 0.179425 0.010456
-0.091973 0.179741 0.010301
-0.090984 0.179473 0.011472
-0.034823 0.196633 -0.020523
-0.033961 0.197001 -0.021183
-0.003148 0.194354 -0.030332
-0.002523 0.194216 -0.030545
0.092888 0.149054 -0.004907
0.093851 0.148902 -0.004964
-0.092776 0.179562 0.009508
-0.091973 0.179741 0.010301
-0.091973 0.179741 0.010301
-0.090984 0.179473 0.011472
-0.034823 0.196633 -0.020523
-0.033961 0.197001 -0.021183
-0.003148 0.194354 -0.030332
-0.002523 0.194216 -0.030545
-0.002523 0.194216 -0.030545
0.093851 0.148902 -0.004964
